Pattern	Count	Frequency_in_Percent	Avg_Qual_pos1	Avg_Qual_pos2	Avg_Qual_pos3	Avg_Qual_pos4	Avg_Qual_pos5	Avg_Qual_pos6
TTAGGG	346141	82.458305243	35	36	35	36	36	36
TGAGGG	19271	4.59077081403	35	36	35	36	36	36
TCAGGG	16497	3.92994375585	36	36	35	36	36	36
GTTGGG	9232	2.19926294199	36	35	35	36	36	36
TAAGGG	4931	1.17467131358	36	35	35	36	36	36
GTAGGG	3738	0.890472798653	35	35	35	35	36	36
TTCGGG	3559	0.847831110328	36	36	35	36	36	36
TTTGGG	2754	0.656062623726	35	35	33	35	35	35
CTAGGG	2393	0.570064581909	35	36	35	36	36	36
GGGGGG	1624	0.386872077317	34	34	34	34	34	35
CGAGGG	807	0.192244930046	35	36	35	36	36	36
GTCGGG	669	0.159370332343	36	35	36	36	36	36
CATGGG	634	0.151032572056	36	36	35	36	36	36
AGAGGG	616	0.146744581051	35	36	36	36	35	36
GGTGGG	571	0.136024603539	36	35	34	35	36	36
ATAGGG	559	0.13316594287	35	35	35	36	36	36
GCTGGG	554	0.131974834257	36	35	35	36	36	36
ATTGGG	519	0.12363707397	35	35	36	36	36	36
GGAGGG	430	0.102435340669	36	36	36	36	36	36
TGTGGG	404	0.0962415758843	35	35	35	36	36	36
TCCGGG	347	0.0826629377026	36	36	35	36	36	36
CAAGGG	311	0.0740869556931	36	35	35	36	36	36
GAAGGG	250	0.0595554306215	36	36	34	36	36	36
GACGGG	247	0.058840765454	36	36	36	35	36	36
CTTGGG	247	0.058840765454	35	35	35	36	36	36
TATGGG	237	0.0564585482292	35	35	35	36	36	36
TCTGGG	220	0.0524087789469	36	34	35	36	36	36
ACTGGG	211	0.0502647834445	35	36	36	36	36	36
AGCGGG	210	0.0500265617221	35	36	36	36	36	36
CCAGGG	203	0.0483590096647	36	36	35	36	36	36
GCAGGG	173	0.0412123579901	36	35	36	36	36	36
CCCGGG	163	0.0388301407652	36	36	36	36	36	36
CCTGGG	134	0.0319217108131	36	36	35	36	36	36
TGCGGG	130	0.0309688239232	35	36	35	35	36	36
ACAGGG	123	0.0293012718658	35	36	35	36	36	36
GGCGGG	100	0.0238221722486	36	36	36	36	36	36
GATGGG	82	0.0195341812439	36	36	35	36	36	36
CGCGGG	76	0.0181048509089	36	35	34	36	36	36
CACGGG	66	0.0157226336841	36	35	37	36	36	36
GCCGGG	62	0.0147697467941	35	36	36	36	36	36
AGTGGG	57	0.0135786381817	36	36	36	36	36	36
AAAGGG	50	0.0119110861243	35	35	35	36	36	36
CGTGGG	40	0.00952886889944	36	36	35	37	36	35
TACGGG	32	0.00762309511955	36	34	35	36	36	34
AATGGG	32	0.00762309511955	36	35	36	36	36	37
CTCGGG	31	0.00738487339707	36	36	36	35	35	36
ATCGGG	22	0.00524087789469	34	36	37	36	35	37
ACCGGG	11	0.00262043894735	35	35	34	35	37	35
AACGGG	7	0.0016675520574	37	35	37	37	37	37
